TMLE Stratfied SOFAs, pressor
SOFA = [16 ,100]
n =  576
PSI = -0.0503120527301978
CI = -0.0843882135160696, -0.016235891944326
AUC = 1
R2 = 0.0639820373797388
