TMLE Stratfied SOFAs, pressor
SOFA = [6 ,10]
n =  10418
PSI = 0.111971714380498
CI = 0.103090369327483, 0.120853059433513
AUC = 1
R2 = 0.11704565583738
