TMLE Stratfied SOFAs, rrt
SOFA = [16 ,100]
n =  576
PSI = -0.0520437717649291
CI = -0.122478269336001, 0.018390725806143
AUC = 0.634405144694534
R2 = 0.0608635387998783
