TMLE Stratfied SOFAs, rrt
SOFA = [6 ,10]
n =  10418
PSI = 0.174391925952998
CI = 0.13840257617303, 0.210381275732967
AUC = 0.733561057648375
R2 = 0.116466494962785
