TMLE Stratfied SOFAs, ventilation_bin
SOFA = [6 ,10]
n =  10418
PSI = -0.0713814750674806
CI = -0.0898435232895745, -0.0529194268453867
AUC = 0.653276005444465
R2 = 0.116112163051605
