TMLE Stratfied SOFAs, ventilation_bin
SOFA = [0 ,5]
n =  13786
PSI = -0.0726705535235079
CI = -0.0894080600046846, -0.0559330470423313
AUC = 0.604965090378775
R2 = 0.137477961538246
