TMLE Stratfied SOFAs, ventilation_bin
SOFA = [16 ,100]
n =  576
PSI = -0.0999926328629476
CI = -0.222579237046175, 0.0225939713202796
AUC = 0.73292843939794
R2 = 0.0560394225888695
