TMLE Stratfied SOFAs, pressor
SOFA = [11 ,15]
n =  3932
PSI = 0.0770581347521319
CI = 0.0241404941785791, 0.129975775325685
AUC = 0.718585255930527
R2 = 0.0493010158454424
