TMLE Stratfied SOFAs, pressor
SOFA = [0 ,5]
n =  13786
PSI = 0.136276985329318
CI = 0.128790580992941, 0.143763389665695
AUC = 1
R2 = 0.137104934091355
