TMLE Stratfied SOFAs, pressor
SOFA = [0 ,5]
n =  15211
PSI = 0.00328785129010067
CI = -0.00669385994804957, 0.0132695625282509
AUC = 0.743324209440199
R2 = 0.0924853973250133
