TMLE Stratfied SOFAs, pressor
SOFA = [6 ,10]
n =  11787
PSI = -0.00296316388726967
CI = -0.0181873640035848, 0.0122610362290455
AUC = 0.6956041907658
R2 = 0.0764384759180491
