TMLE Stratfied SOFAs, pressor
SOFA = [11 ,15]
n =  3253
PSI = 0.0451676432187731
CI = 0.02974694554549, 0.0605883408920562
AUC = 1
R2 = 0.0887860592453378
