TMLE Stratfied SOFAs, pressor
SOFA = [16 ,100]
n =  761
PSI = -0.148634020392955
CI = -0.30330393184287, 0.00603589105696034
AUC = 0.753753599341835
R2 = 0.0165010307282926
