TMLE Stratfied SOFAs, rrt
SOFA = [0 ,5]
n =  13786
PSI = 0.231187119119789
CI = 0.160425182324616, 0.301949055914961
AUC = 0.82945232299201
R2 = 0.136348550192716
