TMLE Stratfied SOFAs, rrt
SOFA = [11 ,15]
n =  3932
PSI = 0.0358437560574609
CI = -0.000174931463103371, 0.0718624435780252
AUC = 0.668736724664069
R2 = 0.0508920904905065
