TMLE Stratfied SOFAs, rrt
SOFA = [0 ,5]
n =  15211
PSI = 0.108053071115301
CI = 0.0372815975841565, 0.178824544646446
AUC = 0.825041683565432
R2 = 0.0930742718104081
