TMLE Stratfied SOFAs, rrt
SOFA = [16 ,100]
n =  761
PSI = -0.0644013483764997
CI = -0.132213795090941, 0.00341109833794159
AUC = 0.623697045707915
R2 = 0.0166128005900535
