TMLE Stratfied SOFAs, rrt
SOFA = [11 ,15]
n =  3253
PSI = 0.0440059997576742
CI = 0.00794467555290904, 0.0800673239624393
AUC = 0.664034502935892
R2 = 0.0863440102708791
