TMLE Stratfied SOFAs, rrt
SOFA = [6 ,10]
n =  11787
PSI = 0.0761966596673008
CI = 0.0424365470465188, 0.109956772288083
AUC = 0.726524796114154
R2 = 0.0802208390992769
