TMLE Stratfied SOFAs, ventilation_bin
SOFA = [16 ,100]
n =  761
PSI = -0.145381791357111
CI = -0.275891480880979, -0.0148721018332423
AUC = 0.725676144244105
R2 = 0.0151655951127639
