TMLE Stratfied SOFAs, ventilation_bin
SOFA = [11 ,15]
n =  3253
PSI = -0.133607914719974
CI = -0.171676727828673, -0.095539101611275
AUC = 0.643524449825064
R2 = 0.0868769955806816
