TMLE Stratfied SOFAs, ventilation_bin
SOFA = [11 ,15]
n =  3932
PSI = -0.103601182136561
CI = -0.145804023125186, -0.0613983411479363
AUC = 0.68056670914208
R2 = 0.0505170117421292
