TMLE Stratfied SOFAs, ventilation_bin
SOFA = [0 ,5]
n =  15211
PSI = 0.0359087497514192
CI = 0.0255974237951534, 0.0462200757076851
AUC = 0.718327562819975
R2 = 0.0908103160716414
