TMLE Stratfied SOFAs, ventilation_bin
SOFA = [6 ,10]
n =  11787
PSI = 0.0185030616434815
CI = 0.0039806587510966, 0.0330254645358665
AUC = 0.687147740532589
R2 = 0.0799493015470698
