TMLE Stratfied SOFAs, pressor
SOFA = [6 ,10]
n =  12714
PSI = 0.1351304486833
CI = 0.120559164016396, 0.149701733350203
AUC = 0.671854285899052
R2 = 0.0804997192247138
