TMLE Stratfied SOFAs, pressor
SOFA = [0 ,5]
n =  30977
PSI = 0.0826020554867112
CI = 0.0748186732010504, 0.0903854377723719
AUC = 0.653692290186968
R2 = 0.126995165663852
