TMLE Stratfied SOFAs, pressor
SOFA = [11 ,15]
n =  2296
PSI = 0.185565322427787
CI = 0.114631920144536, 0.256498724711037
AUC = 0.724194451007947
R2 = 0.0436917420164491
