TMLE Stratfied SOFAs, rrt
SOFA = [0 ,5]
n =  30977
PSI = 0.035495622684725
CI = 0.0220825849464138, 0.0489086604230363
AUC = 0.881642327128915
R2 = 0.126143441870349
