TMLE Stratfied SOFAs, rrt
SOFA = [6 ,10]
n =  12714
PSI = 0.0228628814337166
CI = 0.00369825165241151, 0.0420275112150216
AUC = 0.849187017622702
R2 = 0.0804469957819853
