TMLE Stratfied SOFAs, rrt
SOFA = [11 ,15]
n =  2296
PSI = 0.0606032020501133
CI = 0.0171223729163271, 0.1040840311839
AUC = 0.602694778117291
R2 = 0.0402743253770648
