TMLE Stratfied SOFAs, rrt
SOFA = [16 ,100]
n =  202
PSI = -0.0408825491225966
CI = -0.177071616167017, 0.0953065179218238
AUC = 0.5
R2 = 0.025476486075528
