TMLE Stratfied SOFAs, ventilation_bin
SOFA = [16 ,100]
n =  202
PSI = -0.158640294264984
CI = -0.317522909149296, 0.000242320619328273
AUC = 0.705494505494506
R2 = -0.0107624565213624
