TMLE Stratfied SOFAs, ventilation_bin
SOFA = [11 ,15]
n =  2296
PSI = 0.0258443439502063
CI = -0.079551440792991, 0.131240128693404
AUC = 0.865286568213784
R2 = 0.043785563377678
