TMLE Stratfied SOFAs, ventilation_bin
SOFA = [0 ,5]
n =  30977
PSI = 0.102283419808444
CI = 0.0883346747159861, 0.116232164900902
AUC = 0.88282536569324
R2 = 0.126621083996962
