TMLE Stratfied SOFAs, ventilation_bin
SOFA = [6 ,10]
n =  12714
PSI = 0.0932608483721312
CI = 0.0714333794399408, 0.115088317304322
AUC = 0.874403311244811
R2 = 0.080375155028403
