TMLE Stratfied SOFAs, ventilation_bin
SOFA = [6 ,10]
n =  11787
PSI = 0.0172522080940686
CI = 0.00236742228436892, 0.0321369939037682
AUC: 0.655925150563939
R2: 0.0694209790499669
