TMLE Stratfied SOFAs, ventilation_bin
SOFA = [11 ,15]
n =  3932
PSI = -0.10494683413028
CI = -0.147167659958987, -0.0627260083015724
AUC: 0.649233311640705
R2: 0.047207949755823
