TMLE Stratfied SOFAs, rrt
SOFA = [6 ,10]
n =  11787
PSI = 0.073375693111451
CI = 0.0374138861752947, 0.109337500047607
AUC: 0.725947429642421
R2: 0.0684779187080599
