TMLE Stratfied SOFAs, ventilation_bin
SOFA = [0 ,5]
n =  15211
PSI = 0.0454588337797809
CI = 0.0347729565263636, 0.0561447110331983
AUC: 0.609485186121717
R2: 0.0853624296460781
