TMLE Stratfied SOFAs, ventilation_bin
SOFA = [0 ,5]
n =  15211
PSI = 0.0459667887950696
CI = 0.0352860855676522, 0.056647492022487
AUC: 0.609485186121717
R2: 0.0871580964503033
