TMLE Stratfied SOFAs, rrt
SOFA = [11 ,15]
n =  3932
PSI = 0.0372973670040774
CI = 0.000869916706845837, 0.0737248173013089
AUC: 0.66740057825144
R2: 0.0475761385003463
