TMLE Stratfied SOFAs, ventilation_bin
SOFA = [16 ,100]
n =  761
PSI = -0.141907812336856
CI = -0.266907758166723, -0.0169078665069878
AUC: 0.717805131761442
R2: 0.0217659948338607
