TMLE Stratfied SOFAs, rrt
SOFA = [0 ,5]
n =  15211
PSI = 0.122796949865467
CI = 0.0521622028404881, 0.193431696890446
AUC = 0.824173161133123
R2 = 0.0858813660885764
