TMLE Stratfied SOFAs, rrt
SOFA = [16 ,100]
n =  761
PSI = -0.0679576639722943
CI = -0.136793857267208, 0.000878529322619725
AUC: 0.619760312151616
R2: 0.0182998093405263
